@type xy
@title "g(r)"
0.05 0.0
0.15000000000000002 0.0
0.25 0.0
0.35000000000000003 0.0
0.45 0.0
0.55 0.0
0.65 0.0
0.75 0.0
0.8500000000000001 0.0
0.9500000000000001 0.0
1.05 0.0
1.1500000000000001 0.0
1.25 0.0
1.35 0.0
1.4500000000000002 0.0
1.55 0.0
1.6500000000000001 0.0
1.75 10.17746242014976
1.85 11.46952874334836
1.9500000000000002 0.0
2.0500000000000003 0.0
2.15 0.0
2.25 0.0
2.35 0.0
2.45 0.0
2.5500000000000003 0.0
2.6500000000000004 0.0
2.75 0.0
2.85 0.0
2.95 0.0
3.0500000000000003 0.0
3.1500000000000004 0.0
3.25 0.0
3.35 0.0
3.45 0.0
3.5500000000000003 2.230421097616345
3.6500000000000004 3.1121967285805137
3.75 0.0
3.85 0.0
3.95 0.0
4.05 0.0
4.15 0.0
4.25 0.0
4.3500000000000005 0.0
4.45 0.0
4.55 0.0
4.65 0.0037951717525759317
4.75 5.616286490472534
4.8500000000000005 0.45954803742683625
4.95 0.0
5.050000000000001 0.0
5.15 0.0
5.25 0.0
5.3500000000000005 0.0
5.45 0.0
5.550000000000001 0.0
5.65 0.0
5.75 0.0
5.8500000000000005 0.0
5.95 0.0
6.050000000000001 0.0
6.15 0.0
6.25 0.0
6.3500000000000005 0.0
6.45 1.710192695362417
6.550000000000001 1.5077854343968609
6.65 0.0
6.75 0.0
6.8500000000000005 0.0
6.95 0.0
7.050000000000001 0.0
7.15 0.45354798334418817
7.25 0.8430725312853299
7.3500000000000005 0.00013809565540681064
7.45 0.0
7.550000000000001 0.0
7.65 0.0
7.75 0.02546278033584141
7.8500000000000005 2.063057264553655
7.95 0.08616765411318357
8.05 0.0
8.15 0.0
8.25 0.0
8.35 0.0
8.450000000000001 0.0
8.55 0.0
8.65 0.0
8.75 0.0
8.85 0.0
8.950000000000001 0.26636480301816856
9.05 0.5528113526874935
9.15 0.0002673228833672217
9.25 0.0
9.35 0.0
9.450000000000001 0.11353066456179849
9.55 1.3286693780430265
9.65 0.010975478087962568
9.75 0.0
9.850000000000001 0.0
9.950000000000001 0.1233559934719602
10.05 1.1749353414126085
&
