@type xy
@title "g(r)"
0.05 0.0
0.15000000000000002 0.0
0.25 0.0
0.35000000000000003 0.0
0.45 0.0
0.55 0.0
0.65 0.0
0.75 0.0
0.8500000000000001 0.0
0.9500000000000001 0.0
1.05 0.0
1.1500000000000001 0.0
1.25 0.0
1.35 0.0
1.4500000000000002 0.0
1.55 0.0
1.6500000000000001 0.0
1.75 10.187203949147271
1.85 11.460811639990315
1.9500000000000002 0.0
2.0500000000000003 0.0
2.15 0.0
2.25 0.0
2.35 0.0
2.45 0.0
2.5500000000000003 0.0
2.6500000000000004 0.0
2.75 0.0
2.85 0.0
2.95 0.0
3.0500000000000003 0.0
3.1500000000000004 0.0
3.25 0.0
3.35 0.0
3.45 0.0012534955402846162
3.5500000000000003 2.284879362207827
3.6500000000000004 3.0494824368207047
3.75 0.009548730307941997
3.85 0.0
3.95 0.0
4.05 0.0
4.15 0.0
4.25 0.0
4.3500000000000005 0.0
4.45 0.0
4.55 0.0
4.65 0.096604371883751
4.75 4.819769702791601
4.8500000000000005 1.1379284736283564
4.95 0.000304464193603344
5.050000000000001 0.0
5.15 0.0
5.25 0.0
5.3500000000000005 0.0
5.45 0.0
5.550000000000001 0.0
5.65 0.0
5.75 0.0
5.8500000000000005 0.0
5.95 0.0
6.050000000000001 0.0
6.15 0.0
6.25 0.0
6.3500000000000005 0.007030538060078605
6.45 1.5464718260255303
6.550000000000001 1.6489827326012492
6.65 0.010627973625704772
6.75 0.0
6.8500000000000005 0.0
6.95 0.0
7.050000000000001 0.0015009833593844677
7.15 0.4571962135834432
7.25 0.826324625781682
7.3500000000000005 0.011600035054172094
7.45 0.0
7.550000000000001 0.0
7.65 0.0
7.75 0.11377515506161333
7.8500000000000005 1.7439316880403382
7.95 0.3133905776308252
8.05 0.0
8.15 0.0
8.25 0.0
8.35 0.0
8.450000000000001 0.0
8.55 0.0
8.65 0.0
8.75 0.0
8.85 0.0005715069039906833
8.950000000000001 0.27409497037848607
9.05 0.5325898795788061
9.15 0.012118637379314052
9.25 0.0
9.35 0.00034134537494615264
9.450000000000001 0.1994931765809969
9.55 1.1496102591280364
9.65 0.10342585555882974
9.75 0.00015695615464624875
9.850000000000001 0.0001537854321763272
9.950000000000001 0.19660096943698482
10.05 1.0250677480432628
&
