@type xy
@title "g(r)"
0.05 0.0
0.15000000000000002 0.0
0.25 0.0
0.35000000000000003 0.0
0.45 0.0
0.55 0.0
0.65 0.0
0.75 0.0
0.8500000000000001 0.0
0.9500000000000001 0.0
1.05 0.0
1.1500000000000001 0.0
1.25 0.0
1.35 0.0
1.4500000000000002 0.0
1.55 0.0
1.6500000000000001 0.002739432420046734
1.75 10.104400952668428
1.85 11.51747281181761
1.9500000000000002 0.013730774767964308
2.0500000000000003 0.0
2.15 0.0
2.25 0.0
2.35 0.0
2.45 0.0
2.5500000000000003 0.0
2.6500000000000004 0.0
2.75 0.0
2.85 0.0
2.95 0.0
3.0500000000000003 0.0
3.1500000000000004 0.0
3.25 0.0
3.35 0.0
3.45 0.018175685334126935
3.5500000000000003 2.2168065314684746
3.6500000000000004 3.0483625387535653
3.75 0.05729238184765198
3.85 0.0
3.95 0.0
4.05 0.0
4.15 0.0
4.25 0.0
4.3500000000000005 0.0
4.45 0.0
4.55 0.0
4.65 0.2073543839361941
4.75 4.294048784396963
4.8500000000000005 1.5337296818469153
4.95 0.006698212259273568
5.050000000000001 0.0
5.15 0.0
5.25 0.0
5.3500000000000005 0.0
5.45 0.0
5.550000000000001 0.0
5.65 0.0
5.75 0.0
5.8500000000000005 0.0
5.95 0.0
6.050000000000001 0.0
6.15 0.0
6.25 0.0
6.3500000000000005 0.02423685489132361
6.45 1.4130563530938287
6.550000000000001 1.7176686104223493
6.65 0.053814660104759084
6.75 0.0
6.8500000000000005 0.0
6.95 0.0
7.050000000000001 0.005553638429722531
7.15 0.4485863902188013
7.25 0.7939642659949723
7.3500000000000005 0.047366809804536045
7.45 0.00013441332575690252
7.550000000000001 0.0
7.65 0.0003824314439559468
7.75 0.16296179414938503
7.8500000000000005 1.5087036929093158
7.95 0.4917458178568805
8.05 0.0037990760494254435
8.15 0.0
8.25 0.0
8.35 0.0
8.450000000000001 0.0
8.55 0.0
8.65 0.0
8.75 0.0
8.85 0.004286301779930124
8.950000000000001 0.25313969741377
9.05 0.5171960554555262
9.15 0.043573629988857145
9.25 0.0001743828187446484
9.35 0.001109372468574996
9.450000000000001 0.21603406810655695
9.55 1.024129816727125
9.65 0.2086943096287773
9.75 0.0011771711598468656
9.850000000000001 0.0016916397539395991
9.950000000000001 0.2038350411372342
10.05 0.9170803544966962
&
