@type xy
@title "g(r)"
0.05 0.0
0.15000000000000002 0.0
0.25 0.0
0.35000000000000003 0.0
0.45 0.0
0.55 0.0
0.65 0.0
0.75 0.0
0.8500000000000001 0.0
0.9500000000000001 0.0
1.05 0.0
1.1500000000000001 0.0
1.25 0.0
1.35 0.0
1.4500000000000002 0.0
1.55 0.0
1.6500000000000001 0.008218297260140202
1.75 10.06787021892776
1.85 11.476066570866895
1.9500000000000002 0.07650003085008686
2.0500000000000003 0.0
2.15 0.0
2.25 0.0
2.35 0.0
2.45 0.0
2.5500000000000003 0.0
2.6500000000000004 0.0
2.75 0.0
2.85 0.0
2.95 0.0
3.0500000000000003 0.0
3.1500000000000004 0.0
3.25 0.0
3.35 0.0
3.45 0.04324559613981926
3.5500000000000003 2.1724112070732446
3.6500000000000004 2.9811686547251988
3.75 0.13898707448226683
3.85 0.0005032867747196271
3.95 0.0
4.05 0.0
4.15 0.0
4.25 0.0
4.3500000000000005 0.0
4.45 0.0
4.55 0.00108104151691105
4.65 0.33294006738507037
4.75 3.8371014201067797
4.8500000000000005 1.8283605491826853
4.95 0.03288213290916116
5.050000000000001 0.0
5.15 0.0
5.25 0.0
5.3500000000000005 0.0
5.45 0.0
5.550000000000001 0.0
5.65 0.0
5.75 0.0
5.8500000000000005 0.0
5.95 0.0
6.050000000000001 0.0
6.15 0.0
6.25 0.0
6.3500000000000005 0.054209148726395553
6.45 1.3330787980836958
6.550000000000001 1.6778481901159394
6.65 0.1396819390806913
6.75 0.0006549466053634316
6.8500000000000005 0.0
6.95 0.0
7.050000000000001 0.014259341914152443
7.15 0.42523771668756893
7.25 0.7630232202339956
7.3500000000000005 0.09141932387930864
7.45 0.00026882665151380504
7.550000000000001 0.0
7.65 0.001274771479853156
7.75 0.20407486874042652
7.8500000000000005 1.3350974422567754
7.95 0.6057704122039151
8.05 0.018765133213828705
8.15 0.0
8.25 0.0
8.35 0.0
8.450000000000001 0.0
8.55 0.0
8.65 0.0
8.75 0.0
8.85 0.008572603559860248
8.950000000000001 0.24904177736733665
9.05 0.479212477589208
9.15 0.07984043449901022
9.25 0.0009591055030955663
9.35 0.005717535030348057
9.450000000000001 0.23675195244160185
9.55 0.9028211491387603
9.65 0.2975396030561531
9.75 0.006670636572465572
9.850000000000001 0.005074919261818797
9.950000000000001 0.2213927359930477
10.05 0.8106440794620845
&
