@type xy
@title "g(r)"
0.05 0.0
0.15000000000000002 0.0
0.25 0.0
0.35000000000000003 0.0
0.45 0.0
0.55 0.0
0.65 0.0
0.75 0.0
0.8500000000000001 0.0
0.9500000000000001 0.0
1.05 0.0
1.1500000000000001 0.0
1.25 0.0
1.35 0.0
1.4500000000000002 0.0035469354788877695
1.55 0.2297095773248065
1.6500000000000001 1.6628354789683675
1.75 4.875635263254324
1.85 6.130302936545494
1.9500000000000002 4.2663478743317675
2.0500000000000003 2.0304560131101033
2.15 0.7584099891663632
2.25 0.20627799881826542
2.35 0.018909853965295462
2.45 0.0
2.5500000000000003 0.001147163653089792
2.6500000000000004 0.0
2.75 0.0
2.85 0.0036735597655776463
2.95 0.0060003117618718065
3.0500000000000003 0.005613333575867893
3.1500000000000004 0.013532446479411236
3.25 0.031075139361262216
3.35 0.1136673255442439
3.45 0.3296693270948541
3.5500000000000003 0.6718492425144776
3.6500000000000004 0.961992439672782
3.75 1.0450554837025408
3.85 0.8596138112211231
3.95 0.5288093598844416
4.05 0.2715211183591497
4.15 0.09659375499143298
4.25 0.0363451251654696
4.3500000000000005 0.012615769101585687
4.45 0.02486377292606633
4.55 0.11314901210335657
4.65 0.3684766756137359
4.75 0.6936870986112903
4.8500000000000005 1.0126548540399505
4.95 1.1542237579502772
5.050000000000001 1.0013164358921611
5.15 0.6548114511186142
5.25 0.34996787511444954
5.3500000000000005 0.14439459917278583
5.45 0.054251275730051375
5.550000000000001 0.01453164995462514
5.65 0.005608728296154991
5.75 0.002256393071053716
5.8500000000000005 0.0019619213581965173
5.95 0.000842902283091304
6.050000000000001 0.0012229029890783254
6.15 0.007692476883753351
6.25 0.029984150276215923
6.3500000000000005 0.09343215053525514
6.45 0.203888968714173
6.550000000000001 0.3549060167920647
6.65 0.500695646366536
6.75 0.5483540453405331
6.8500000000000005 0.5055913755222442
6.95 0.37577371656231506
7.050000000000001 0.2236465205482857
7.15 0.16606744049089
7.25 0.15953089649237556
7.3500000000000005 0.18366722169105815
7.45 0.2240670140367565
7.550000000000001 0.2214427669671646
7.65 0.19261797060581187
7.75 0.16730909810916283
7.8500000000000005 0.18171756082947224
7.95 0.2500042348105792
8.05 0.3263751697006404
8.15 0.3700804519622682
8.25 0.3359531034919006
8.35 0.2619356825076344
8.450000000000001 0.16163418590470374
8.55 0.0835811061601806
8.65 0.033501451084415365
8.75 0.015980280861039742
8.85 0.010858631175822982
8.950000000000001 0.021886618429814552
9.05 0.04845866528748501
9.15 0.08616707607203447
9.25 0.11474389473397865
9.35 0.14251169404001873
9.450000000000001 0.1575561687737689
9.55 0.16204482164029033
9.65 0.1739252768537718
9.75 0.21479449763339142
9.850000000000001 0.24851725839694475
9.950000000000001 0.2568095453588518
10.05 0.2482528246990493
&
