@type xy
@title "g(r)"
0.05 0.0
0.15000000000000002 0.0
0.25 0.0
0.35000000000000003 0.0
0.45 0.0
0.55 0.0
0.65 0.0
0.75 0.0
0.8500000000000001 0.0
0.9500000000000001 0.0
1.05 0.0
1.1500000000000001 0.0
1.25 0.0
1.35 0.0
1.4500000000000002 0.0035469354788877695
1.55 0.22660539384744427
1.6500000000000001 1.709405830109162
1.75 4.878070645503702
1.85 5.825204319013902
1.9500000000000002 4.193770921986813
2.0500000000000003 2.213268049255506
2.15 0.848773732556398
2.25 0.1856501989364389
2.35 0.014857742401303577
2.45 0.0
2.5500000000000003 0.0
2.6500000000000004 0.0010622288975691405
2.75 0.00295916653218799
2.85 0.0018367798827888231
2.95 0.003428749578212461
3.0500000000000003 0.008019047965525562
3.1500000000000004 0.01879506455473783
3.25 0.03955017736887918
3.35 0.11699093155430951
3.45 0.32904257932471176
3.5500000000000003 0.6416604219257214
3.6500000000000004 0.9547131022363756
3.75 1.034445783360383
3.85 0.8591105244464036
3.95 0.5388500439328803
4.05 0.2760692107939764
4.15 0.11521945662655235
4.25 0.030562946161872166
4.3500000000000005 0.018923653652378532
4.45 0.02712411591934509
4.55 0.1037799856234608
4.65 0.3408754265040928
4.75 0.6672357316480381
4.8500000000000005 1.0224864545646102
4.95 1.1533103653694672
5.050000000000001 0.9899079225997877
5.15 0.6683127181519876
5.25 0.35348650030894907
5.3500000000000005 0.17019796617297678
5.45 0.05123731596727074
5.550000000000001 0.01719578577963975
5.65 0.007244607382533529
5.75 0.0027076716852644594
5.8500000000000005 0.0019619213581965173
5.95 0.00105362785386413
6.050000000000001 0.0016305373187711007
6.15 0.007692476883753351
6.25 0.029793168427322825
6.3500000000000005 0.08270132928566148
6.45 0.19384694386985138
6.550000000000001 0.35942711254737764
6.65 0.4890554847764783
6.75 0.5427869991949439
6.8500000000000005 0.5176746914152287
6.95 0.37314808845645425
7.050000000000001 0.23895655081400727
7.15 0.15716575870710767
7.25 0.15300205197400432
7.3500000000000005 0.19195296101546677
7.45 0.22877148043824808
7.550000000000001 0.22170451964679483
7.65 0.18611663605856077
7.75 0.16594280257894695
7.8500000000000005 0.1757854086105221
7.95 0.24728936351660216
8.05 0.3210794879347746
8.15 0.364464663616862
8.25 0.3462563960622884
8.35 0.25819068704694514
8.450000000000001 0.16832105590981108
8.55 0.08613242197703593
8.65 0.04018179996136724
8.75 0.018318858548021167
8.85 0.010858631175822982
8.950000000000001 0.022911098441422893
9.05 0.04818540213736761
9.15 0.08171169468258077
9.25 0.11666210574016979
9.35 0.1404636217903418
9.450000000000001 0.14728076646243615
9.55 0.16065423003610813
9.65 0.17488663259870282
9.75 0.2163640591798539
9.850000000000001 0.24098177222030473
9.950000000000001 0.25959767715998955
10.05 0.24559376439284109
&
