@type xy
@title "g(r)"
0.05 0.0
0.15000000000000002 0.0
0.25 0.0
0.35000000000000003 0.0
0.45 0.0
0.55 0.0
0.65 0.0
0.75 0.0
0.8500000000000001 0.0
0.9500000000000001 0.0
1.05 0.0
1.1500000000000001 0.0
1.25 0.0
1.35 0.0
1.4500000000000002 0.0035469354788877695
1.55 0.18625100864173502
1.6500000000000001 1.799807099970704
1.75 4.778219973279213
1.85 5.914554628433868
1.9500000000000002 4.2702709528369
2.0500000000000003 2.0553042510327795
2.15 0.8116600522354909
2.25 0.20922482737281206
2.35 0.012156334691975653
2.45 0.0037281226327232336
2.5500000000000003 0.003441490959269376
2.6500000000000004 0.004248915590276562
2.75 0.00591833306437598
2.85 0.012857459179521762
2.95 0.019715310074721652
3.0500000000000003 0.013632381541393455
3.1500000000000004 0.016539656808169288
3.25 0.04873146854379757
3.35 0.12297342237242762
3.45 0.3328030659455656
3.5500000000000003 0.6404765466085152
3.6500000000000004 0.9496735609342482
3.75 1.03020190322352
3.85 0.8495480757267306
3.95 0.5527157504759624
4.05 0.26924707214173643
4.15 0.11998417099832706
4.25 0.035106086807555864
4.3500000000000005 0.01774092529910487
4.45 0.024487049093853207
4.55 0.10846449886340868
4.65 0.33949536404861064
4.75 0.6999692982650627
4.8500000000000005 1.015509189676142
4.95 1.145089832142177
5.050000000000001 0.9448589213940054
5.15 0.6646561249971156
5.25 0.3588997698389483
5.3500000000000005 0.1584691629910718
5.45 0.061786175137002956
5.550000000000001 0.022524057429668967
5.65 0.00911418348125186
5.75 0.004738425449212804
5.8500000000000005 0.004359825240436705
5.95 0.00421451141545652
6.050000000000001 0.006318332110238015
6.15 0.012229065815197636
6.25 0.035713605743008775
6.3500000000000005 0.09417220717315815
6.45 0.19241236889209115
6.550000000000001 0.35716656466972113
6.65 0.48517543091312576
6.75 0.5418045792868987
6.8500000000000005 0.48778438367995136
6.95 0.3819516650466935
7.050000000000001 0.24210861586871466
7.15 0.1656296528621794
7.25 0.15825351386921596
7.3500000000000005 0.1959577350222643
7.45 0.21721193442315448
7.550000000000001 0.219479621869938
7.65 0.18509681887467824
7.75 0.16730909810916283
7.8500000000000005 0.18353352579445698
7.95 0.24599094681078706
8.05 0.32614492266734185
8.15 0.3598597171736289
8.25 0.3357338845010413
8.35 0.2571206883438911
8.450000000000001 0.16654485606470446
8.55 0.08888784305923968
8.65 0.041278573657583216
8.75 0.018611180758893845
8.85 0.016764202517060043
8.950000000000001 0.026263942115777462
9.05 0.04845866528748501
9.15 0.081979017565948
9.25 0.11265130090904288
9.35 0.13918357663429373
9.450000000000001 0.15329563610809435
9.55 0.1616358241096485
9.65 0.17881216855717116
9.75 0.21361732647354453
9.850000000000001 0.24098177222030473
9.950000000000001 0.25161005632429756
10.05 0.24492899931628903
&
