@type xy
@title "g(r)"
0.05 0.0
0.15000000000000002 0.0
0.25 0.0
0.35000000000000003 0.0
0.45 0.0
0.55 0.0
0.65 0.0
0.75 0.0
0.8500000000000001 0.0
0.9500000000000001 0.0
1.05 0.0
1.1500000000000001 0.0
1.25 0.0
1.35 0.0
1.4500000000000002 0.0035469354788877695
1.55 0.21418865993799527
1.6500000000000001 1.832680289011265
1.75 4.571212482082101
1.85 5.635607320976412
1.9500000000000002 4.274194031342033
2.0500000000000003 2.246990657864852
2.15 0.8471600942815759
2.25 0.2637411556319251
2.35 0.014857742401303577
2.45 0.0012427075442410778
2.5500000000000003 0.001147163653089792
2.6500000000000004 0.004248915590276562
2.75 0.007891110752501306
2.85 0.021122968652071465
2.95 0.024001247047487226
3.0500000000000003 0.022453334303471573
3.1500000000000004 0.03533472136290712
3.25 0.05155648121300323
3.35 0.13826201001872943
3.45 0.30773315513987326
3.5500000000000003 0.6558669257321948
3.6500000000000004 0.9093572305172282
3.75 0.9898850419233203
3.85 0.8440119212048147
3.95 0.540762555180202
4.05 0.30745104859428013
4.15 0.13601093752156931
4.25 0.04377935531295202
4.3500000000000005 0.018923653652378532
4.45 0.03239824957032886
4.55 0.1124283177587492
4.65 0.32776483317701227
4.75 0.6599616057331437
4.8500000000000005 0.9451022439834176
4.95 1.1128166276202225
5.050000000000001 0.9746965715432898
5.15 0.6775948392374319
5.25 0.3865074444419443
5.3500000000000005 0.17541076758715676
5.45 0.07811179051873138
5.550000000000001 0.02882110574333986
5.65 0.013788123728047684
5.75 0.009025572284214864
5.8500000000000005 0.004795807764480376
5.95 0.006743218264730432
6.050000000000001 0.007337417934469953
6.15 0.015779439761545336
6.25 0.041061097512015435
6.3500000000000005 0.08640161247517654
6.45 0.1821910221755495
6.550000000000001 0.3352566390862816
6.65 0.473703967317127
6.75 0.528869383830971
6.8500000000000005 0.48714841968558376
6.95 0.38241501118302185
7.050000000000001 0.25366618773597505
7.15 0.17701213120865517
7.25 0.16762098643905296
7.3500000000000005 0.1856005608667535
7.45 0.21196981471863527
7.550000000000001 0.20613023520879686
7.65 0.1986093965611217
7.75 0.16147128993460408
7.8500000000000005 0.17893308121649565
7.95 0.2403251284581394
8.05 0.3057680602204236
8.15 0.35738877030165017
8.25 0.3403374833090869
8.35 0.26696467641198846
8.450000000000001 0.17563481997789723
8.55 0.0975623168365478
8.65 0.05374191111458298
8.75 0.027185965611159074
8.85 0.01724045827038561
8.950000000000001 0.026077673022757764
9.05 0.04845866528748501
9.15 0.07796917431543968
9.25 0.11116904694971336
9.35 0.13321003257273606
9.450000000000001 0.14586058890721132
9.55 0.15664605423581826
9.65 0.17544742344991257
9.75 0.2076529925969871
9.850000000000001 0.23452278406889898
9.950000000000001 0.24407456496987118
10.05 0.2529800430211972
&
