@type xy
@title "g(r)"
0.05 0.0
0.15000000000000002 0.0
0.25 0.0
0.35000000000000003 0.0
0.45 0.0
0.55 0.0
0.65 0.0
0.75 0.0
0.8500000000000001 0.0
0.9500000000000001 0.0
1.05 0.0
1.1500000000000001 0.0
1.25 0.0
1.35 0.0
1.4500000000000002 0.007093870957775539
1.55 0.260751412098429
1.6500000000000001 1.7724127757702368
1.75 4.639403185064679
1.85 5.620352390099833
1.9500000000000002 4.274194031342033
2.0500000000000003 2.0979012303287954
2.15 0.8762055832283728
2.25 0.2902626126228449
2.35 0.022961965529287347
2.45 0.0024854150884821556
2.5500000000000003 0.001147163653089792
2.6500000000000004 0.008497831180553124
2.75 0.010850277284689295
2.85 0.01836779882788823
2.95 0.035144683176677724
3.0500000000000003 0.03448190625175992
3.1500000000000004 0.033079313616338576
3.25 0.05438149388220888
3.35 0.1435797796348344
3.45 0.3541124901304041
3.5500000000000003 0.6416604219257214
3.6500000000000004 0.9194363131214831
3.75 0.9665437011705732
3.85 0.8228738766665904
3.95 0.554628261723284
4.05 0.29471638977676556
4.15 0.13081306729781506
4.25 0.050387559888491945
4.3500000000000005 0.0216833531433504
4.45 0.030514630409263225
4.55 0.1207163027217339
4.65 0.34674069193989193
4.75 0.6602922478201844
4.8500000000000005 0.9615939609925241
4.95 1.0851103860023181
5.050000000000001 0.9319877781923533
5.15 0.6806888795992466
5.25 0.3908380600659437
5.3500000000000005 0.18766085091047977
5.45 0.07886528045942653
5.550000000000001 0.027610134913787766
5.65 0.017994669950163928
5.75 0.008799932977109494
5.8500000000000005 0.008065676694807905
5.95 0.007164669406276083
6.050000000000001 0.011209944066551318
6.15 0.015384953767506702
6.25 0.042206988605374
6.3500000000000005 0.09361716469473089
6.45 0.19366762199763135
6.550000000000001 0.33803885185878185
6.65 0.4649316716260691
6.75 0.5183902381451561
6.8500000000000005 0.491600167646157
6.95 0.3722213961837975
7.050000000000001 0.2535160894000366
7.15 0.17744991883736577
7.25 0.16818871204934613
7.3500000000000005 0.18905295225192376
7.45 0.2130451213246905
7.550000000000001 0.2096638963838048
7.65 0.18509681887467824
7.75 0.17140798469981047
7.8500000000000005 0.18559161942143967
7.95 0.23524949951722582
8.05 0.3076100364868117
8.15 0.35615329686566083
8.25 0.33145911417928464
8.35 0.25754868782511275
8.450000000000001 0.1745899965395992
8.55 0.11001273802280181
8.65 0.05204689722043101
8.75 0.027380847085074194
8.85 0.021431508899650623
8.950000000000001 0.028312902138994143
9.05 0.0497338933213662
9.15 0.08135526417142448
9.25 0.1098611758091285
9.35 0.1357701228848322
9.450000000000001 0.14803262516814344
9.55 0.1512472868313462
9.65 0.18025420217456772
9.75 0.20843777337021835
9.850000000000001 0.24067420135595208
9.950000000000001 0.24083430368746783
10.05 0.24323015523176714
&
