@type xy
@title "g(r)"
0.05 0.0
0.15000000000000002 0.0
0.25 0.0
0.35000000000000003 0.0
0.45 0.0
0.55 0.0
0.65 0.0
0.75 0.0
0.8500000000000001 0.0
0.9500000000000001 0.0
1.05 0.0
1.1500000000000001 0.0
1.25 0.0
1.35 0.0
1.4500000000000002 0.007093870957775539
1.55 0.24523049471161779
1.6500000000000001 1.8299408565912183
1.75 4.639403185064679
1.85 5.45690670213648
1.9500000000000002 4.070193949075135
2.0500000000000003 2.13517358721281
2.15 0.9310692845723225
2.25 0.2711082270182917
2.35 0.02566337323861527
2.45 0.007456245265446467
2.5500000000000003 0.006882981918538752
2.6500000000000004 0.016995662361106247
2.75 0.037482776074381205
2.85 0.0394907674799597
2.95 0.05314561846229315
3.0500000000000003 0.05533143096212638
3.1500000000000004 0.06164781173954008
3.25 0.08898789907997817
3.35 0.1761511185334774
3.45 0.3547392379005464
3.5500000000000003 0.6387007336327061
3.6500000000000004 0.9183164150543437
3.75 0.9622998210337101
3.85 0.7977095379306091
3.95 0.506337352728412
4.05 0.3047221931333841
4.15 0.14294143115324162
4.25 0.06401698182554305
4.3500000000000005 0.02759699490971869
4.45 0.0372956593890995
4.55 0.11603178948178602
4.65 0.35019084807859735
4.75 0.6417762909459077
4.8500000000000005 0.9562024381241624
4.95 1.0156925498607556
5.050000000000001 0.9199942129362684
5.15 0.6466544356192843
5.25 0.4011232721729422
5.3500000000000005 0.20017157430451174
5.45 0.09569322246828506
5.550000000000001 0.04311056153205458
5.65 0.027108853431415787
5.75 0.018953701796851217
5.8500000000000005 0.017221309699724983
5.95 0.019176026940327166
6.050000000000001 0.022419888133102635
6.15 0.024063645636356636
6.25 0.04545368003655662
6.3500000000000005 0.11322866559916069
6.45 0.20299235935307286
6.550000000000001 0.33647385717425043
6.65 0.4430009323984243
6.75 0.49956052324095745
6.8500000000000005 0.48810236567713516
6.95 0.3669701399720759
7.050000000000001 0.2481125493062525
7.15 0.1863516006211481
7.25 0.16974995747765229
7.3500000000000005 0.1883624739748897
7.45 0.20336736187019352
7.550000000000001 0.20351270841249466
7.65 0.1805076415472069
7.75 0.17587949734415334
7.8500000000000005 0.18014372452648547
7.95 0.23749221928181555
8.05 0.30427145450398324
8.15 0.33762119532582036
8.25 0.32301918303120103
8.35 0.2572276882141965
8.450000000000001 0.18848614826896287
8.55 0.11327842226837663
8.65 0.06460994137708677
8.75 0.03946349846781156
8.85 0.030575619363501554
8.950000000000001 0.03250395673193736
9.05 0.05201108623901117
9.15 0.07841471245438504
9.25 0.10907645312477758
9.35 0.13850088588440143
9.450000000000001 0.15087298027859314
9.55 0.15869104188902736
9.65 0.1675162385542316
9.75 0.20718212413304835
9.850000000000001 0.22860204493011038
9.950000000000001 0.2488219245231598
10.05 0.2413835855746781
&
