@type xy
@title "g(r)"
0.05 0.0
0.15000000000000002 0.0
0.25 0.0
0.35000000000000003 0.0
0.45 0.0
0.55 0.0
0.65 0.0
0.75 0.0
0.8500000000000001 0.0
0.9500000000000001 0.0
1.05 0.0
1.1500000000000001 0.0
1.25 0.0
1.35 0.0
1.4500000000000002 0.017734677394438847
1.55 0.2297095773248065
1.6500000000000001 1.7066663976891152
1.75 4.293578905653034
1.85 5.489595839729151
1.9500000000000002 3.8446169350300066
2.0500000000000003 2.200843930294168
2.15 1.0375694107105777
2.25 0.31531065533649144
2.35 0.03241689251193508
2.45 0.0024854150884821556
2.5500000000000003 0.008030145571628544
2.6500000000000004 0.03505355361978164
2.75 0.05425138642344648
2.85 0.0633689059562144
2.95 0.08657592684986463
3.0500000000000003 0.09382286119664908
3.1500000000000004 0.09773433568463671
3.25 0.12500681061235028
3.35 0.20141052420997604
3.45 0.33468330925599254
3.5500000000000003 0.5954892845546823
3.6500000000000004 0.82536487548177
3.75 0.9172085945795395
3.85 0.805762126326123
3.95 0.5417188108038627
4.05 0.3306463200118959
4.15 0.1702302498279514
4.25 0.07186422475899672
4.3500000000000005 0.042972463502276244
4.45 0.05500167950311643
4.55 0.1315267178908444
4.65 0.31741436476089613
4.75 0.6020992405010294
4.8500000000000005 0.8245858504553307
4.95 0.967282743077824
5.050000000000001 0.8790405754764663
5.15 0.6700003765311593
5.25 0.4254829850579387
5.3500000000000005 0.2569911097190737
5.45 0.11679094080774949
5.550000000000001 0.06297048313670894
5.65 0.037391521974366605
5.75 0.035199731908437976
5.8500000000000005 0.028774846586882254
5.95 0.03139811004515107
6.050000000000001 0.0295534889027262
6.15 0.041421029374056506
6.25 0.0614961553435766
6.3500000000000005 0.11211858064230618
6.45 0.18272898779220959
6.550000000000001 0.2935234474987777
6.65 0.41837102526583864
6.75 0.4743450789344653
6.8500000000000005 0.4580530669432659
6.95 0.3686690758052799
7.050000000000001 0.2863876249705565
7.15 0.19890151264418549
7.25 0.16918223186735915
7.3500000000000005 0.1868434217654148
7.45 0.18992602929450325
7.550000000000001 0.202727450373604
7.65 0.18853870187028177
7.75 0.17587949734415334
7.8500000000000005 0.17844882389249972
7.95 0.2206128021062193
8.05 0.27364859907528116
8.15 0.3141472000420225
8.25 0.32060777413174857
8.35 0.2645036793949641
8.450000000000001 0.19600887702470862
8.55 0.1408326330904142
8.65 0.08664512200106235
8.75 0.053105201641869874
8.85 0.04372027815528727
8.950000000000001 0.04321442958057001
9.05 0.05592785805736052
9.15 0.07351379292598598
9.25 0.10497845688427834
9.35 0.13022326054195724
9.450000000000001 0.14093173739201917
9.55 0.15574625966840625
9.65 0.17112132259772295
9.75 0.18426652555469603
9.850000000000001 0.21153186195853807
9.950000000000001 0.2397793348978481
10.05 0.23554842545827676
&
