@type xy
@title "g(r)"
0.05 0.0
0.15000000000000002 0.0
0.25 0.0
0.35000000000000003 0.0
0.45 0.0
0.55 0.0
0.65 0.0
0.75 0.0
0.8500000000000001 0.0
0.9500000000000001 0.0
1.05 0.0
1.1500000000000001 0.0
1.25 0.0
1.35 0.0
1.4500000000000002 0.010640806436663309
1.55 0.24833467818898003
1.6500000000000001 1.5970891008872459
1.75 4.283837376655523
1.85 4.940418328172284
1.9500000000000002 4.029001624771241
2.0500000000000003 2.0340057613847713
2.15 0.9746375179925179
2.25 0.3035233411183048
2.35 0.024312669383951307
2.45 0.008698952809687544
2.5500000000000003 0.02409043671488563
2.6500000000000004 0.07329379393227069
2.75 0.1154074947553316
2.85 0.16439179950959967
2.95 0.1568652932032201
3.0500000000000003 0.17160762646224703
3.1500000000000004 0.1894542507117573
3.25 0.17726954499265493
3.35 0.23198769950257966
3.45 0.3729149232346733
3.5500000000000003 0.5806908430896057
3.6500000000000004 0.7581709914534033
3.75 0.8737088231766927
3.85 0.730269110118179
3.95 0.5331125101909153
4.05 0.3124539502725894
4.15 0.17542812005170563
4.25 0.09251486405755899
4.3500000000000005 0.06465581664562664
4.45 0.07120080428828086
4.55 0.13981470285382913
4.65 0.29429831863156997
4.75 0.5541561378801346
4.8500000000000005 0.7960424940934154
4.95 0.882337233062491
5.050000000000001 0.8307737884702711
5.15 0.6562178331012571
5.25 0.43603886064143715
5.3500000000000005 0.2397888650522797
5.45 0.15094915145259666
5.550000000000001 0.0879164822254821
5.65 0.06263079930706406
5.75 0.05753802331186977
5.8500000000000005 0.06343545724835406
5.95 0.058160257533299974
6.050000000000001 0.06297950393753377
6.15 0.07278266590012786
6.25 0.0888065597352892
6.3500000000000005 0.13024996827092994
6.45 0.1945642313587315
6.550000000000001 0.29195845281424626
6.65 0.3908732522342533
6.75 0.4417614853176346
6.8500000000000005 0.41894128128965835
6.95 0.358938806942384
7.050000000000001 0.25936992450163604
7.15 0.20503053944613397
7.25 0.17386596815227764
7.3500000000000005 0.17883387375181978
7.45 0.18858189603693423
7.550000000000001 0.20168043965508314
7.65 0.1775756671435446
7.75 0.17165640206894064
7.8500000000000005 0.18377565445645494
7.95 0.21471090798887796
8.05 0.260064024110669
8.15 0.2971875192388958
8.25 0.299343532018395
8.35 0.26407567991374253
8.450000000000001 0.20875572297194447
8.55 0.14746605421423806
8.65 0.10509086143742201
8.75 0.0765884192486417
8.85 0.06153224332966356
8.950000000000001 0.06090999341744135
9.05 0.06822469981264337
9.15 0.0874145828610815
9.25 0.10855330466854364
9.35 0.13099128763558607
9.450000000000001 0.13625350544539613
9.55 0.15525546263163606
9.65 0.16871793323539538
9.75 0.1829323982402029
9.850000000000001 0.20599558640019028
9.950000000000001 0.2184538943648214
10.05 0.22291788900378778
&
