@type xy
@title "g(r)"
0.05 0.0
0.15000000000000002 0.0
0.25 0.0
0.35000000000000003 0.0
0.45 0.0
0.55 0.0
0.65 0.0
0.75 0.0
0.8500000000000001 0.0
0.9500000000000001 0.0
1.05 0.0
1.1500000000000001 0.0
1.25 0.0
1.35 0.0
1.4500000000000002 0.021281612873326618
1.55 0.25764722862106676
1.6500000000000001 1.3341035885627595
1.75 3.2828952721612534
1.85 3.7701472023546763
1.9500000000000002 3.085501244286837
2.0500000000000003 1.7748741373340065
2.15 0.9020237956255256
2.25 0.36098649793196447
2.35 0.04457322720391073
2.45 0.02733956597330371
2.5500000000000003 0.10668621973735065
2.6500000000000004 0.20076126164056754
2.75 0.31761720778817754
2.85 0.4334800523381623
2.95 0.4877396275007226
3.0500000000000003 0.449868590865984
3.1500000000000004 0.3548508187934502
3.25 0.3354702544681717
3.35 0.3383430918246792
3.45 0.3710346799242464
3.5500000000000003 0.4682226879550236
3.6500000000000004 0.5649885748718493
3.75 0.5792896386818145
3.85 0.5078163556921038
3.95 0.44896201530876184
4.05 0.31927608892482934
4.15 0.23000575740112517
4.25 0.20774543134353649
4.3500000000000005 0.18765956538608708
4.45 0.1781903726368087
4.55 0.21512726186529893
4.65 0.30464878704768616
4.75 0.4417378282863126
4.8500000000000005 0.548349590552795
4.95 0.6290230239845087
5.050000000000001 0.5581395733807314
5.15 0.5113604888890209
5.25 0.3724329436639463
5.3500000000000005 0.26324647141608964
5.45 0.21725626623377056
5.550000000000001 0.17728612944642672
5.65 0.15424002814426224
5.75 0.1525321716032312
5.8500000000000005 0.152157900891241
5.95 0.1451899182624771
6.050000000000001 0.13818803776585079
6.15 0.14951019174064206
6.25 0.15985180752352054
6.3500000000000005 0.16780784264450774
6.45 0.2112411654751942
6.550000000000001 0.254572468683774
6.65 0.2969084695434984
6.75 0.3196139434173546
6.8500000000000005 0.3146431862133715
6.95 0.2780076817970272
7.050000000000001 0.23220212569677717
7.15 0.19831779580590467
7.25 0.1847946861504208
7.3500000000000005 0.17814339547478572
7.45 0.18549038954452549
7.550000000000001 0.19579100436340324
7.65 0.18764636183438455
7.75 0.17637633208241368
7.8500000000000005 0.18256501114646512
7.95 0.1959428846957325
8.05 0.2162019642673025
8.15 0.23541384743942764
8.25 0.23270095879716315
8.35 0.22341572919768815
8.450000000000001 0.19339681842896358
8.55 0.15879389644107572
8.65 0.12164217358031769
8.75 0.12063163235345854
8.85 0.11096759052485766
8.950000000000001 0.11185459035832883
9.05 0.12141992636882992
9.15 0.11530527035906164
9.25 0.12328865285246643
9.35 0.13585545922856876
9.450000000000001 0.1487844838738507
9.55 0.14740271004331304
9.65 0.1480487847193783
9.75 0.1673937389302243
9.850000000000001 0.175315392681013
9.950000000000001 0.1770086919154762
10.05 0.17882180559250174
&
