@type xy
@title "g(r)"
0.05 0.0
0.15000000000000002 0.0
0.25 0.0
0.35000000000000003 0.0
0.45 0.0
0.55 0.0
0.65 0.0
0.75 0.0
0.8500000000000001 0.0
0.9500000000000001 0.0
1.05 0.0
1.1500000000000001 0.0
1.25 0.0
1.35 0.0
1.4500000000000002 0.017734677394438847
1.55 0.19866774255118402
1.6500000000000001 0.9423647524960764
1.75 2.4037222801358733
1.85 2.6979434893150804
1.9500000000000002 2.259693218956412
2.0500000000000003 1.356003840923181
2.15 0.8148873287851349
2.25 0.3064701696728515
2.35 0.08104223127983769
2.45 0.04722288668116095
2.5500000000000003 0.1548670931671219
2.6500000000000004 0.3016730069096359
2.75 0.49220803318726897
2.85 0.6594039779211875
2.95 0.6857499156424922
3.0500000000000003 0.6206743125316785
3.1500000000000004 0.5751289753749775
3.25 0.492964710776387
3.35 0.41345658765216203
3.45 0.36664744553325024
3.5500000000000003 0.3729207249199303
3.6500000000000004 0.3729260563574347
3.75 0.34163235101748035
3.85 0.318580528397524
3.95 0.3146081001844146
4.05 0.30290295615945345
4.15 0.2824176154906471
4.25 0.27919664331656197
4.3500000000000005 0.2850375331389516
4.45 0.27651529284443466
4.55 0.2778276698461398
4.65 0.31499925546380236
4.75 0.3266743819961653
4.8500000000000005 0.34918039282743046
4.95 0.3979347010395706
5.050000000000001 0.3685827371382188
5.15 0.3344376354725224
5.25 0.312345651880955
5.3500000000000005 0.27080503346665064
5.45 0.26095868279408974
5.550000000000001 0.2361393117626585
5.65 0.22598501093257817
5.75 0.22473674987695014
5.8500000000000005 0.22431300862046846
5.95 0.21030411963128035
6.050000000000001 0.21604619473717085
6.15 0.19803196900739395
6.25 0.20855217899125977
6.3500000000000005 0.1957449807253464
6.45 0.21590353415291497
6.550000000000001 0.2058837451650194
6.65 0.21846390230615365
6.75 0.22448294898831617
6.8500000000000005 0.21638674908357686
6.95 0.208042415211442
7.050000000000001 0.20653531025130276
7.15 0.19598292845278142
7.25 0.1801109498655023
7.3500000000000005 0.18850056963029652
7.45 0.1818612297490891
7.550000000000001 0.18558264985782472
7.65 0.19045085909006151
7.75 0.18221414025697244
7.8500000000000005 0.1915237716403898
7.95 0.18909668751961656
8.05 0.17982293300613766
8.15 0.18689343613511814
8.25 0.18282863837666893
8.35 0.17173479184017695
8.450000000000001 0.1694703616919389
8.55 0.1578754227470078
8.65 0.15185330357608512
8.75 0.14577134248850887
8.85 0.1421147167923499
8.950000000000001 0.14612810347395333
9.05 0.13790680309257952
9.15 0.1427504197180964
9.25 0.1451736966049198
9.35 0.14174366694638987
9.450000000000001 0.13892678084346644
9.55 0.14200394263884097
9.65 0.1397971479087203
9.75 0.142594666496117
9.850000000000001 0.1417901684665737
9.950000000000001 0.14588711262169515
10.05 0.1472823958494211
&
