@type xy
@title "g(r)"
0.05 0.0
0.15000000000000002 0.0
0.25 0.0
0.35000000000000003 0.0
0.45 0.0
0.55 0.0
0.65 0.0
0.75 0.0
0.8500000000000001 0.0
0.9500000000000001 0.0
1.05 0.0
1.1500000000000001 0.0
1.25 0.0
1.35 0.0
1.4500000000000002 0.007093870957775539
1.55 0.20798029298327078
1.6500000000000001 1.0108505629972449
1.75 1.8801150965196496
1.85 2.355797182511795
1.9500000000000002 1.9478084777983655
2.0500000000000003 1.2246631547604645
2.15 0.7567963508915412
2.25 0.3477257694365046
2.35 0.06348308116920619
2.45 0.06586349984477713
2.5500000000000003 0.1858405118005463
2.6500000000000004 0.32716650045129525
2.75 0.5819694179969713
2.85 0.6594039779211875
2.95 0.7826120912269943
3.0500000000000003 0.6856286010524356
3.1500000000000004 0.6044492760803686
3.25 0.5233335969703478
3.35 0.41079770284410955
3.45 0.36288695891239636
3.5500000000000003 0.34391577964838016
3.6500000000000004 0.3012525800605103
3.75 0.319351980298949
3.85 0.3019720648317763
3.95 0.2634484243185599
4.05 0.2724307368461151
4.15 0.2941128234940941
4.25 0.32751913927519766
4.3500000000000005 0.2976533022405373
4.45 0.313434228401321
4.55 0.29332259825519824
4.65 0.28981311565125295
4.75 0.28170705815863645
4.8500000000000005 0.30255957743630213
4.95 0.30811776392658413
5.050000000000001 0.30568965103923706
5.15 0.3057474430266038
5.25 0.2779713903654599
5.3500000000000005 0.27706039516366665
5.45 0.26497729581113055
5.550000000000001 0.2472802433945378
5.65 0.24397968088274208
5.75 0.23150592909011128
5.8500000000000005 0.2182092532838571
5.95 0.23327320684551836
6.050000000000001 0.22949812761703242
6.15 0.22130664265567332
6.25 0.2226848358093488
6.3500000000000005 0.22349710464670933
6.45 0.20245439373641277
6.550000000000001 0.19840654833892493
6.65 0.20412457281115515
6.75 0.1945191417929392
6.8500000000000005 0.1833166213764615
6.95 0.19367868498526228
7.050000000000001 0.17966770811832078
7.15 0.18401673326802487
7.25 0.18507854895556738
7.3500000000000005 0.1833910303802445
7.45 0.18454949626422715
7.550000000000001 0.1836195047605981
7.65 0.1847143874307223
7.75 0.17799104498175972
7.8500000000000005 0.16900580607457913
7.95 0.17682074775554657
8.05 0.17233990442393604
8.15 0.17206775490324577
8.25 0.17044276539311762
8.35 0.16831079599040397
8.450000000000001 0.16163418590470374
8.55 0.1570590016856141
8.65 0.15434597106748507
8.75 0.15142290523204732
8.85 0.1544021152281496
8.950000000000001 0.1411919725089313
9.05 0.1478353642135116
9.15 0.1366019934006503
9.25 0.14325548559872867
9.35 0.15258138260093024
9.450000000000001 0.13324607062256702
9.55 0.1322698014095656
9.65 0.13675285471643872
9.75 0.13765054762476014
9.850000000000001 0.1347929313025508
9.950000000000001 0.14068762358714093
10.05 0.13073713172190338
&
