@type xy
@title "g(r)"
0.05 0.0
0.15000000000000002 0.0
0.25 0.0
0.35000000000000003 0.0
0.45 0.0
0.55 0.0
0.65 0.0
0.75 0.0
0.8500000000000001 0.0
0.9500000000000001 0.0
1.05 0.0
1.1500000000000001 0.0
1.25 0.0
1.35 0.0
1.4500000000000002 0.014187741915551078
1.55 0.13968825648130126
1.6500000000000001 0.8711395095748614
1.75 1.8995981545146718
1.85 2.2729847006103627
1.9500000000000002 1.7398853170263346
2.0500000000000003 1.1572179375417722
2.15 0.7261372236699222
2.25 0.31678406961376476
2.35 0.06483378502387016
2.45 0.05095100931388419
2.5500000000000003 0.1996064756376238
2.6500000000000004 0.3367265605294175
2.75 0.5957788618138485
2.85 0.7264464436429795
2.95 0.7560392819958477
3.0500000000000003 0.7385543176249043
3.1500000000000004 0.6074564864091266
3.25 0.4682458499208375
3.35 0.4014916060159258
3.45 0.37040793215410406
3.5500000000000003 0.3314850888177158
3.6500000000000004 0.29789288585909196
3.75 0.2663034785881601
3.85 0.24711380638733693
3.95 0.2677515746250337
4.05 0.2587864595416352
4.15 0.32010217461286533
4.25 0.3295842032050539
4.3500000000000005 0.31933665538388767
4.45 0.31117388540804225
4.55 0.30377266625200505
4.65 0.2873980063541592
4.75 0.2717877955474169
4.8500000000000005 0.2851164152151317
4.95 0.2895454481167802
5.050000000000001 0.29457366372871935
5.15 0.2947776635619878
5.25 0.2969178337204572
5.3500000000000005 0.26194327106254467
5.45 0.2509121502514876
5.550000000000001 0.24921779672182115
5.65 0.24117531673466458
5.75 0.23263412562563815
5.8500000000000005 0.2232230523103593
5.95 0.22905869543006185
6.050000000000001 0.21971490370440583
6.15 0.21460038075701657
6.25 0.20893414268904598
6.3500000000000005 0.19870520727695845
6.45 0.21142048734741423
6.550000000000001 0.20779651644611333
6.65 0.18776086738745099
6.75 0.1835487861531017
6.8500000000000005 0.18697341434407522
6.95 0.18070499316806768
7.050000000000001 0.1771160364073672
7.15 0.1863516006211481
7.25 0.1882010398121797
7.3500000000000005 0.1846338912789058
7.45 0.18347418965817194
7.550000000000001 0.17890795652725416
7.65 0.182164844471016
7.75 0.17103535864611524
7.8500000000000005 0.1812333035054763
7.95 0.16973847481473694
8.05 0.17061305167419719
8.15 0.1651041773549421
8.25 0.16156439626331534
8.35 0.15793180857077954
8.450000000000001 0.15651455105704346
8.55 0.15083379109248707
8.65 0.1531494906716131
8.75 0.15259219407553803
8.85 0.15354485487216357
8.950000000000001 0.14519675800885484
9.05 0.14291662751139847
9.15 0.13580002475054864
9.25 0.14360425123621798
9.35 0.13722084072835336
9.450000000000001 0.13892678084346644
9.55 0.1401225539978886
9.65 0.13106483322559678
9.75 0.13443294645451206
9.850000000000001 0.13002558290508465
9.950000000000001 0.13443316576296702
10.05 0.13243597580642527
&
