@type xy
@title "g(r)"
0.05 0.0
0.15000000000000002 0.0
0.25 0.0
0.35000000000000003 0.0
0.45 0.0
0.55 0.0
0.65 0.0
0.75 0.0
0.8500000000000001 0.0
0.9500000000000001 0.0
1.05 0.0
1.1500000000000001 0.0
1.25 0.0
1.35 0.0
1.4500000000000002 0.024828548352214385
1.55 0.1552091738681125
1.6500000000000001 0.8903155365151886
1.75 1.8825504787690273
1.85 2.1836343911903966
1.9500000000000002 1.8340392011495183
2.0500000000000003 1.2583857633698106
2.15 0.65352350130293
2.25 0.3197308981683114
2.35 0.06618448887853412
2.45 0.0335531036945091
2.5500000000000003 0.16863305700419942
2.6500000000000004 0.3473488495051089
2.75 0.5306771981057128
2.85 0.7062418649323025
2.95 0.7671827181250381
3.0500000000000003 0.6719962195110422
3.1500000000000004 0.6014420657516105
3.25 0.5353399008144718
3.35 0.4207685208743064
3.45 0.3697811843839618
3.5500000000000003 0.31964633564565453
3.6500000000000004 0.3034923761947892
3.75 0.2731997838105627
3.85 0.2481203799367762
3.95 0.2433670562216824
4.05 0.25651241332422187
4.15 0.30494171979358214
4.25 0.3114116406223191
4.3500000000000005 0.32130786930601046
4.45 0.29911872277722223
4.55 0.2767466283292288
4.65 0.28429286582932434
4.75 0.28468283694200236
4.8500000000000005 0.28416497000306784
4.95 0.28102045069588655
5.050000000000001 0.27585200088995265
5.15 0.27649469778762786
5.25 0.28365532337195914
5.3500000000000005 0.26142199092112667
5.45 0.252670293446443
5.550000000000001 0.2564836216991337
5.65 0.24211010478402376
5.75 0.23917766553169392
5.8500000000000005 0.22780086881281783
5.95 0.2417022296764314
6.050000000000001 0.2233836126716408
6.15 0.21203622179576545
6.25 0.20224977797778765
6.3500000000000005 0.21258126923763992
6.45 0.19312965638097127
6.550000000000001 0.1945810057767371
6.65 0.18354341753598083
6.75 0.19353672188489404
6.8500000000000005 0.18506552236097243
6.95 0.18008719831962983
7.050000000000001 0.18251957650115128
7.15 0.1870812466689991
7.25 0.18252378370924818
7.3500000000000005 0.1740005258125814
7.45 0.18347418965817194
7.550000000000001 0.17301852123557426
7.65 0.17604594136772084
7.75 0.1692964370622041
7.8500000000000005 0.16271046086263205
7.95 0.16666948987371946
8.05 0.1658929874915777
8.15 0.16117312551315777
8.25 0.15871454938214424
8.35 0.16114180467994174
8.450000000000001 0.15035009277108513
8.55 0.151752264786555
8.65 0.15424626436782907
8.75 0.1538589236559863
8.85 0.14802028813358697
8.950000000000001 0.14510362346234498
9.05 0.13380785584081858
9.15 0.13588913237833772
9.25 0.14186042304877147
9.35 0.13542877750988605
9.450000000000001 0.13358023004732583
9.55 0.13137000684215358
9.65 0.12818076599080372
9.75 0.13090143297497145
9.850000000000001 0.13087140278205445
9.950000000000001 0.1273498038898062
10.05 0.12815193420197873
&
