@type xy
@title "g(r)"
0.05 0.0
0.15000000000000002 0.0
0.25 0.0
0.35000000000000003 0.0
0.45 0.0
0.55 0.0
0.65 0.0
0.75 0.0
0.8500000000000001 0.0
0.9500000000000001 0.0
1.05 0.0
1.1500000000000001 0.0
1.25 0.0
1.35 0.0
1.4500000000000002 0.007093870957775539
1.55 0.20798029298327078
1.6500000000000001 0.8711395095748614
1.75 1.8825504787690273
1.85 2.1008219092889644
1.9500000000000002 1.890923839473942
2.0500000000000003 1.1802913013271144
2.15 0.6502962247532859
2.25 0.3182574838910381
2.35 0.06618448887853412
2.45 0.06089266966781281
2.5500000000000003 0.18239902084127693
2.6500000000000004 0.3696556563540609
2.75 0.5158813654447729
2.85 0.685118896280231
2.95 0.7371811593156791
3.0500000000000003 0.7257238408800634
3.1500000000000004 0.6322659716213805
3.25 0.4880209386052771
3.35 0.391520787985729
3.45 0.33593680479627713
3.5500000000000003 0.3155027720354331
3.6500000000000004 0.30685207039620754
3.75 0.2482669880064919
3.85 0.24258422541486027
3.95 0.2519733568346299
4.05 0.276524020037459
4.15 0.3062411873495207
4.25 0.31017260226440535
4.3500000000000005 0.3134230136175194
4.45 0.30740664708591103
4.55 0.29656572280593135
4.65 0.28843305319577084
4.75 0.28468283694200236
4.8500000000000005 0.27560196309449325
4.95 0.28102045069588655
5.050000000000001 0.2989615534565553
5.15 0.28802703004530106
5.25 0.2752647556004603
5.3500000000000005 0.25933687035545466
5.45 0.2654796224382607
5.550000000000001 0.2564836216991337
5.65 0.2460829539938002
5.75 0.21819320997089436
5.8500000000000005 0.23019877269505803
5.95 0.21515080775905535
6.050000000000001 0.22032635519894497
6.15 0.2088803338434564
6.25 0.20931610638683215
6.3500000000000005 0.19870520727695845
6.45 0.19564016259205166
6.550000000000001 0.20240597919939407
6.65 0.1943400891557444
6.75 0.18322131285041998
6.8500000000000005 0.18633745034970764
6.95 0.18966301847041633
7.050000000000001 0.18116869147770526
7.15 0.1724883257119789
7.25 0.1788335672423427
7.3500000000000005 0.17952435202885383
7.45 0.17890413658243726
7.550000000000001 0.17131712881797784
7.65 0.1799977329552656
7.75 0.1743889931293724
7.8500000000000005 0.16888474174358015
7.95 0.17091885363820522
8.05 0.16531736990833143
8.15 0.16027459937789276
8.25 0.1611259582815967
8.35 0.15044181764940112
8.450000000000001 0.15181284558470237
8.55 0.15307894901131977
8.65 0.1480644489891572
8.75 0.149279209018981
8.85 0.13773316386175466
8.950000000000001 0.14147137614846086
9.05 0.14237010121116367
9.15 0.1427504197180964
9.25 0.12843294600543356
9.35 0.12911388807338223
9.450000000000001 0.13249421191685976
9.55 0.13243340042182233
9.65 0.1337085615241571
9.75 0.1313723014389102
9.850000000000001 0.12602716166850014
9.950000000000001 0.12863083742005868
10.05 0.13058940614933626
&
