@type xy
@title "g(r)"
0.05 0.0
0.15000000000000002 0.0
0.25 0.0
0.35000000000000003 0.0
0.45 0.0
0.55 0.0
0.65 0.0
0.75 0.0
0.8500000000000001 0.0
0.9500000000000001 0.0
1.05 0.0
1.1500000000000001 0.0
1.25 0.0
1.35 0.0
1.4500000000000002 0.007093870957775539
1.55 0.1800426416870105
1.6500000000000001 0.8190902935939735
1.75 1.8338428337814716
1.85 2.1727380119928394
1.9500000000000002 1.6614237469236814
2.0500000000000003 1.2956581202538247
2.15 0.6841826285245489
2.25 0.335938455218318
2.35 0.08374363898916562
2.45 0.05467913194660742
2.5500000000000003 0.19387065737217485
2.6500000000000004 0.3303531871440027
2.75 0.5040446993160209
2.85 0.6630775376867651
2.95 0.7037508509281076
3.0500000000000003 0.6655809811386216
3.1500000000000004 0.5916686321831468
3.25 0.48025215376496155
3.35 0.39617383639982084
3.45 0.35285899459011943
3.5500000000000003 0.29300914100851666
3.6500000000000004 0.26373599481133897
3.75 0.2663034785881601
3.85 0.24711380638733693
3.95 0.2514952290227995
4.05 0.26287974273297915
4.15 0.28371708304658566
4.25 0.32917119041908266
4.3500000000000005 0.30908634298884935
4.45 0.30401613259599286
4.55 0.295845028461324
4.65 0.27704753793804304
4.75 0.27344100598262017
4.8500000000000005 0.2762362599025358
4.95 0.2627525990796859
5.050000000000001 0.2661986434887136
5.15 0.26271215435772577
5.25 0.2779713903654599
5.3500000000000005 0.27445399445657664
5.45 0.24011212776819035
5.550000000000001 0.231779816776271
5.65 0.23837095258658708
5.75 0.22473674987695014
5.8500000000000005 0.22038916590407545
5.95 0.21346500319287273
6.050000000000001 0.21584237757232447
6.15 0.19684851102527806
6.25 0.19785719545324645
6.3500000000000005 0.18852942850579205
6.45 0.19223304701987112
6.550000000000001 0.19145101640767428
6.65 0.17966336367262828
6.75 0.17896415991555767
6.8500000000000005 0.19508195527226216
6.95 0.17916050604697306
7.050000000000001 0.16886062793075263
7.15 0.16139770578464355
7.25 0.18110446968351532
7.3500000000000005 0.17220528229229287
7.45 0.16761341721885745
7.550000000000001 0.16974661274019653
7.65 0.16470047519702774
7.75 0.16532175915612154
7.8500000000000005 0.16125768889064426
7.95 0.1585248759917884
8.05 0.15438063582665212
8.15 0.15870217864117903
8.25 0.1529052461243724
8.35 0.14295182672802267
8.450000000000001 0.15076802214640433
8.55 0.1401182646616947
8.65 0.14577119489706922
8.75 0.1446994943819757
8.85 0.13401836898581523
8.950000000000001 0.1411919725089313
9.05 0.13517417159140555
9.15 0.12751301536616477
9.25 0.12939205150852912
9.35 0.13175931472921493
9.450000000000001 0.12597810313406338
9.55 0.12826162560927573
9.65 0.1300233645019215
9.75 0.12179797600548903
9.850000000000001 0.12287456030888544
9.950000000000001 0.1216981853739864
10.05 0.12150428343645822
&
