@type xy
@title "g(r)"
0.05 0.0
0.15000000000000002 0.0
0.25 0.0
0.35000000000000003 0.0
0.45 0.0
0.55 0.0
0.65 0.0
0.75 0.0
0.8500000000000001 0.0
0.9500000000000001 0.0
1.05 0.0
1.1500000000000001 0.0
1.25 0.0
1.35 0.0
1.4500000000000002 0.010640806436663309
1.55 0.17383427473228602
1.6500000000000001 0.94784361733617
1.75 1.6414476360806267
1.85 1.9853202897948614
1.9500000000000002 1.84384689741235
2.0500000000000003 1.146568692717768
2.15 0.6583644161273962
2.25 0.3197308981683114
2.35 0.08509434284382958
2.45 0.0671062073890182
2.5500000000000003 0.17666320257582796
2.6500000000000004 0.33247764493914095
2.75 0.5454730307666528
2.85 0.6502200785072434
2.95 0.7294664727647011
3.0500000000000003 0.6447314564282552
3.1500000000000004 0.569866357299651
3.25 0.472483368924646
3.35 0.4041504908239783
3.45 0.34784501242898097
3.5500000000000003 0.29300914100851666
3.6500000000000004 0.2609362496434903
3.75 0.24296213783541304
3.85 0.2561729683322902
3.95 0.242888928409852
4.05 0.27424997382004573
4.15 0.27851921282283143
4.25 0.29489112918346927
4.3500000000000005 0.2838548047856779
4.45 0.3002488942738616
4.55 0.281070794396873
4.65 0.2594517416306455
4.75 0.26980394302517297
4.8500000000000005 0.24896149715670562
4.95 0.275235631017423
5.050000000000001 0.260348123851599
5.15 0.2672125767021836
5.25 0.2365598784609659
5.3500000000000005 0.22388982073903071
5.45 0.24387957747166614
5.550000000000001 0.24461610756952318
5.65 0.23673507350020856
5.75 0.21435734175010304
5.8500000000000005 0.20883562901691818
5.95 0.20651105935736946
6.050000000000001 0.19627592974707125
6.15 0.19388986606998831
6.25 0.1934646129287053
6.3500000000000005 0.1957449807253464
6.45 0.1847015283866299
6.550000000000001 0.1815393834056421
6.65 0.17932596768451067
6.75 0.1702861173944922
6.8500000000000005 0.16773550351445524
6.95 0.16711350650243523
7.050000000000001 0.18251957650115128
7.15 0.16314885629948597
7.25 0.16818871204934613
7.3500000000000005 0.16309096903544337
7.45 0.16156481755979682
7.550000000000001 0.15744423679757627
7.65 0.16202345508933613
7.75 0.15960815966612787
7.8500000000000005 0.14612464751577148
7.95 0.1571084214036265
8.05 0.1559923650597417
8.15 0.15454649526557845
8.25 0.14369804850828113
8.35 0.14305882659832808
8.450000000000001 0.1370808351047003
8.55 0.13879158043692993
8.65 0.13380639093834945
8.75 0.1372939983732012
8.85 0.13916193112173136
8.950000000000001 0.12871194327661153
9.05 0.1305286980394098
9.15 0.1305426747109933
9.25 0.12555562949614685
9.35 0.12587110701139378
9.450000000000001 0.1255604038531149
9.55 0.12858882363378918
9.65 0.12032969407386698
9.75 0.11653994482483969
9.850000000000001 0.12018331524579971
9.950000000000001 0.11838256917803879
10.05 0.11884522313025002
&
